Detailed Percentile spectrum:
     Value   Percentile   TotalCount 1/(1-Percentile)

     0.108     0.000000            1         1.00
     1.075     0.100000     25035686         1.11
     1.395     0.200000     50027370         1.25
     1.692     0.300000     74979909         1.43
     2.015     0.400000     99921934         1.67
     2.385     0.500000    124970416         2.00
     2.587     0.550000    137380731         2.22
     2.803     0.600000    149855388         2.50
     3.031     0.650000    162347005         2.86
     3.271     0.700000    174836231         3.33
     3.535     0.750000    187366745         4.00
     3.677     0.775000    193575371         4.44
     3.829     0.800000    199790666         5.00
     3.993     0.825000    206072535         5.71
     4.167     0.850000    212319923         6.67
     4.355     0.875000    218589242         8.00
     4.459     0.887500    221736160         8.89
     4.567     0.900000    224782107        10.00
     4.687     0.912500    227933877        11.43
     4.815     0.925000    230995746        13.33
     4.967     0.937500    234176499        16.00
     5.047     0.943750    235708257        17.78
     5.135     0.950000    237271434        20.00
     5.231     0.956250    238812149        22.86
     5.339     0.962500    240369969        26.67
     5.463     0.968750    241941054        32.00
     5.531     0.971875    242698599        35.56
     5.611     0.975000    243515487        40.00
     5.695     0.978125    244285673        45.71
     5.791     0.981250    245068968        53.33
     5.899     0.984375    245836196        64.00
     5.963     0.985938    246231623        71.11
     6.031     0.987500    246613848        80.00
     6.107     0.989062    246998083        91.43
     6.195     0.990625    247396189       106.67
     6.291     0.992188    247770851       128.00
     6.351     0.992969    247975955       142.22
     6.411     0.993750    248160786       160.00
     6.487     0.994531    248365043       182.86
     6.567     0.995313    248557535       213.33
     6.659     0.996094    248746328       256.00
     6.715     0.996484    248844994       284.44
     6.779     0.996875    248945305       320.00
     6.847     0.997266    249042337       365.71
     6.923     0.997656    249138979       426.67
     7.015     0.998047    249235702       512.00
     7.071     0.998242    249283997       568.89
     7.135     0.998437    249333528       640.00
     7.199     0.998633    249380935       731.43
     7.271     0.998828    249428316       853.33
     7.367     0.999023    249478535      1024.00
     7.419     0.999121    249503012      1137.78
     7.475     0.999219    249526213      1280.00
     7.543     0.999316    249550448      1462.86
     7.623     0.999414    249575411      1706.67
     7.723     0.999512    249599620      2048.00
     7.779     0.999561    249611600      2275.56
     7.835     0.999609    249623209      2560.00
     7.907     0.999658    249635749      2925.71
     7.999     0.999707    249647854      3413.33
     8.095     0.999756    249659885      4096.00
     8.151     0.999780    249666003      4551.11
     8.207     0.999805    249672654      5120.00
     8.263     0.999829    249678116      5851.43
     8.335     0.999854    249684736      6826.67
     8.415     0.999878    249690648      8192.00
     8.455     0.999890    249693675      9102.22
     8.495     0.999902    249696444     10240.00
     8.551     0.999915    249699522     11702.86
     8.615     0.999927    249702568     13653.33
     8.679     0.999939    249705569     16384.00
     8.719     0.999945    249706986     18204.44
     8.783     0.999951    249708601     20480.00
     8.847     0.999957    249710094     23405.71
     8.927     0.999963    249711717     27306.67
     9.007     0.999969    249713237     32768.00
     9.039     0.999973    249713844     36408.89
     9.095     0.999976    249714775     40960.00
     9.135     0.999979    249715459     46811.43
     9.191     0.999982    249716134     54613.33
     9.303     0.999985    249716904     65536.00
     9.423     0.999986    249717284     72817.78
     9.527     0.999988    249717659     81920.00
     9.647     0.999989    249718045     93622.86
    10.199     0.999991    249718433    109226.67
    10.375     0.999992    249718799    131072.00
    10.455     0.999993    249719007    145635.56
    10.503     0.999994    249719218    163840.00
    10.527     0.999995    249719411    187245.71
    10.551     0.999995    249719620    218453.33
    10.575     0.999996    249719821    262144.00
    10.583     0.999997    249719864    291271.11
    10.599     0.999997    249719974    327680.00
    10.615     0.999997    249720079    374491.43
    10.639     0.999998    249720143    436906.67
    10.679     0.999998    249720239    524288.00
    10.695     0.999998    249720275    582542.22
    10.735     0.999998    249720334    655360.00
    10.751     0.999999    249720374    748982.86
    10.775     0.999999    249720430    873813.33
    10.791     0.999999    249720469   1048576.00
    10.807     0.999999    249720505   1165084.44
    10.815     0.999999    249720526   1310720.00
    10.823     0.999999    249720543   1497965.71
    10.847     0.999999    249720571   1747626.67
    10.855     1.000000    249720591   2097152.00
    10.863     1.000000    249720606   2330168.89
    10.871     1.000000    249720627   2621440.00
    10.871     1.000000    249720627   2995931.43
    10.879     1.000000    249720648   3495253.33
    10.879     1.000000    249720648   4194304.00
    10.887     1.000000    249720663   4660337.78
    10.887     1.000000    249720663   5242880.00
    10.887     1.000000    249720663   5991862.86
    10.895     1.000000    249720684   6990506.67
    10.895     1.000000    249720684   8388608.00
    10.895     1.000000    249720684   9320675.55
    10.895     1.000000    249720684  10485760.00
    10.895     1.000000    249720684  11983725.71
    10.903     1.000000    249720702  13981013.34
    10.903     1.000000    249720702          inf
#[Mean    =        2.630, StdDeviation   =        1.349]
#[Max     =       10.896, Total count    =    249720702]
#[Buckets =           27, SubBuckets     =         2048]
