Detailed Percentile spectrum:
     Value   Percentile   TotalCount 1/(1-Percentile)

     0.164     0.000000            2         1.00
     1.064     0.100000    142740432         1.11
     1.618     0.200000    285381165         1.25
     3.691     0.300000    427931443         1.43
    15.399     0.400000    570619526         1.67
    27.407     0.500000    713361355         2.00
    32.527     0.550000    784564582         2.22
    37.439     0.600000    856207887         2.50
    45.439     0.650000    927198705         2.86
    55.295     0.700000    998671635         3.33
    67.007     0.750000   1069796652         4.00
    74.687     0.775000   1105725128         4.44
    83.967     0.800000   1141293799         5.00
    95.551     0.825000   1176783818         5.71
   111.423     0.850000   1212531032         6.67
   135.167     0.875000   1248138946         8.00
   153.087     0.887500   1265937095         8.89
   180.095     0.900000   1283800202        10.00
   229.247     0.912500   1301602236        11.43
   387.583     0.925000   1319423567        13.33
  2250.751     0.937500   1337253073        16.00
  3667.967     0.943750   1346163296        17.78
  7233.535     0.950000   1355078240        20.00
 12255.231     0.956250   1364000402        22.86
 17285.119     0.962500   1372917073        26.67
 22216.703     0.968750   1381824595        32.00
 24870.911     0.971875   1386294922        35.56
 27410.431     0.975000   1390744040        40.00
 30408.703     0.978125   1395192877        45.71
 33243.135     0.981250   1399650552        53.33
 36044.799     0.984375   1404126038        64.00
 37781.503     0.985938   1406362162        71.11
 39682.047     0.987500   1408609192        80.00
 41615.359     0.989062   1410812448        91.43
 44040.191     0.990625   1413037852       106.67
 46399.487     0.992188   1415262375       128.00
 47644.671     0.992969   1416373399       142.22
 49217.535     0.993750   1417483490       160.00
 50888.703     0.994531   1418604189       182.86
 52396.031     0.995313   1419720436       213.33
 54001.663     0.996094   1420824483       256.00
 54755.327     0.996484   1421386336       284.44
 55705.599     0.996875   1421943678       320.00
 56557.567     0.997266   1422508962       365.71
 57540.607     0.997656   1423079904       426.67
 58851.327     0.998047   1423609802       512.00
 59768.831     0.998242   1423893305       568.89
 60522.495     0.998437   1424172026       640.00
 61276.159     0.998633   1424450296       731.43
 61964.287     0.998828   1424725184       853.33
 62849.023     0.999023   1425005052      1024.00
 63307.775     0.999121   1425146170      1137.78
 63766.527     0.999219   1425283639      1280.00
 64389.119     0.999316   1425432678      1462.86
 64913.407     0.999414   1425561353      1706.67
 65535.999     0.999512   1425713564      2048.00
 65667.071     0.999561   1425768840      2275.56
 66289.663     0.999609   1425838796      2560.00
 66748.415     0.999658   1425908048      2925.71
 67436.543     0.999707   1425981574      3413.33
 68091.903     0.999756   1426051590      4096.00
 68419.583     0.999780   1426082698      4551.11
 68747.263     0.999805   1426117906      5120.00
 69140.479     0.999829   1426156302      5851.43
 69599.231     0.999854   1426186200      6826.67
 69992.447     0.999878   1426226708      8192.00
 70123.519     0.999890   1426239442      9102.22
 70320.127     0.999902   1426256008     10240.00
 70451.199     0.999915   1426273934     11702.86
 70582.271     0.999927   1426292552     13653.33
 70778.879     0.999939   1426307408     16384.00
 70844.415     0.999945   1426318790     18204.44
 70909.951     0.999951   1426326166     20480.00
 71237.631     0.999957   1426335058     23405.71
 71499.775     0.999963   1426343956     27306.67
 71630.847     0.999969   1426352972     32768.00
 71696.383     0.999973   1426366800     36408.89
 71696.383     0.999976   1426366800     40960.00
 71696.383     0.999979   1426366800     46811.43
 71761.919     0.999982   1426371350     54613.33
 71827.455     0.999985   1426375886     65536.00
 71827.455     0.999986   1426375886     72817.78
 71892.991     0.999988   1426383060     81920.00
 71892.991     0.999989   1426383060     93622.86
 71892.991     0.999991   1426383060    109226.67
 71958.527     0.999992   1426385940    131072.00
 71958.527     0.999993   1426385940    145635.56
 71958.527     0.999994   1426385940    163840.00
 72024.063     0.999995   1426390424    187245.71
 72024.063     0.999995   1426390424    218453.33
 72024.063     0.999996   1426390424    262144.00
 72024.063     0.999997   1426390424    291271.11
 72024.063     0.999997   1426390424    327680.00
 72024.063     0.999997   1426390424    374491.43
 72089.599     0.999998   1426392852    436906.67
 72089.599     0.999998   1426392852    524288.00
 72089.599     0.999998   1426392852    582542.22
 72089.599     0.999998   1426392852    655360.00
 72089.599     0.999999   1426392852    748982.86
 72089.599     0.999999   1426392852    873813.33
 72089.599     0.999999   1426392852   1048576.00
 72155.135     0.999999   1426393752   1165084.44
 72155.135     0.999999   1426393752   1310720.00
 72155.135     0.999999   1426393752   1497965.71
 72155.135     0.999999   1426393752   1747626.67
 72155.135     1.000000   1426393752   2097152.00
 72155.135     1.000000   1426393752   2330168.89
 72155.135     1.000000   1426393752   2621440.00
 72155.135     1.000000   1426393752   2995931.43
 72220.671     1.000000   1426394202   3495253.33
 72220.671     1.000000   1426394202          inf
#[Mean    =     1578.172, StdDeviation   =     7251.380]
#[Max     =    72155.136, Total count    =   1426394202]
#[Buckets =           27, SubBuckets     =         2048]
