Detailed Percentile spectrum:
     Value   Percentile   TotalCount 1/(1-Percentile)

     0.200     0.000000            2         1.00
     1.312     0.100000     10014615         1.11
     1.764     0.200000     20002631         1.25
     2.187     0.300000     30000699         1.43
     2.603     0.400000     40008702         1.67
     3.025     0.500000     50010210         2.00
     3.235     0.550000     54983845         2.22
     3.453     0.600000     60007588         2.50
     3.679     0.650000     65017935         2.86
     3.915     0.700000     70012185         3.33
     4.163     0.750000     75035701         4.00
     4.287     0.775000     77543621         4.44
     4.411     0.800000     79984336         5.00
     4.547     0.825000     82538368         5.71
     4.691     0.850000     85033019         6.67
     4.855     0.875000     87515356         8.00
     4.947     0.887500     88749650         8.89
     5.047     0.900000     89992813        10.00
     5.155     0.912500     91239948        11.43
     5.275     0.925000     92505980        13.33
     5.403     0.937500     93724179        16.00
     5.475     0.943750     94360859        17.78
     5.551     0.950000     94983626        20.00
     5.635     0.956250     95602371        22.86
     5.727     0.962500     96224327        26.67
     5.831     0.968750     96849083        32.00
     5.891     0.971875     97173150        35.56
     5.951     0.975000     97471508        40.00
     6.023     0.978125     97791245        45.71
     6.107     0.981250     98103321        53.33
     6.207     0.984375     98416641        64.00
     6.263     0.985938     98570026        71.11
     6.323     0.987500     98720987        80.00
     6.391     0.989062     98878453        91.43
     6.467     0.990625     99034655       106.67
     6.551     0.992188     99188562       128.00
     6.599     0.992969     99268315       142.22
     6.651     0.993750     99347313       160.00
     6.707     0.994531     99426043       182.86
     6.763     0.995313     99500979       213.33
     6.831     0.996094     99581440       256.00
     6.867     0.996484     99618746       284.44
     6.907     0.996875     99657075       320.00
     6.955     0.997266     99697386       365.71
     7.011     0.997656     99736166       426.67
     7.079     0.998047     99775269       512.00
     7.119     0.998242     99793971       568.89
     7.167     0.998437     99812808       640.00
     7.223     0.998633     99832038       731.43
     7.291     0.998828     99851882       853.33
     7.379     0.999023     99871690      1024.00
     7.427     0.999121     99880868      1137.78
     7.483     0.999219     99890865      1280.00
     7.543     0.999316     99900465      1462.86
     7.607     0.999414     99910184      1706.67
     7.671     0.999512     99920263      2048.00
     7.699     0.999561     99925017      2275.56
     7.731     0.999609     99929939      2560.00
     7.767     0.999658     99934838      2925.71
     7.803     0.999707     99939840      3413.33
     7.839     0.999756     99944488      4096.00
     7.863     0.999780     99947067      4551.11
     7.887     0.999805     99949337      5120.00
     7.915     0.999829     99951665      5851.43
     7.951     0.999854     99954246      6826.67
     7.991     0.999878     99956585      8192.00
     8.015     0.999890     99957712      9102.22
     8.047     0.999902     99959031     10240.00
     8.083     0.999915     99960209     11702.86
     8.123     0.999927     99961396     13653.33
     8.179     0.999939     99962611     16384.00
     8.215     0.999945     99963198     18204.44
     8.263     0.999951     99963858     20480.00
     8.319     0.999957     99964438     23405.71
     8.383     0.999963     99965068     27306.67
     8.439     0.999969     99965711     32768.00
     8.463     0.999973     99965966     36408.89
     8.495     0.999976     99966272     40960.00
     8.527     0.999979     99966586     46811.43
     8.567     0.999982     99966865     54613.33
     8.623     0.999985     99967183     65536.00
     8.687     0.999986     99967330     72817.78
     8.751     0.999988     99967472     81920.00
     8.839     0.999989     99967633     93622.86
     8.903     0.999991     99967807    109226.67
     8.943     0.999992     99967950    131072.00
     8.959     0.999993     99968025    145635.56
     8.975     0.999994     99968104    163840.00
     8.991     0.999995     99968178    187245.71
     9.007     0.999995     99968245    218453.33
     9.023     0.999996     99968323    262144.00
     9.031     0.999997     99968352    291271.11
     9.047     0.999997     99968393    327680.00
     9.063     0.999997     99968430    374491.43
     9.087     0.999998     99968478    436906.67
     9.103     0.999998     99968514    524288.00
     9.111     0.999998     99968535    582542.22
     9.119     0.999998     99968552    655360.00
     9.127     0.999999     99968568    748982.86
     9.135     0.999999     99968589    873813.33
     9.143     0.999999     99968600   1048576.00
     9.151     0.999999     99968621   1165084.44
     9.151     0.999999     99968621   1310720.00
     9.159     0.999999     99968642   1497965.71
     9.159     0.999999     99968642   1747626.67
     9.159     1.000000     99968642   2097152.00
     9.167     1.000000     99968658   2330168.89
     9.167     1.000000     99968658   2621440.00
     9.167     1.000000     99968658   2995931.43
     9.175     1.000000     99968679   3495253.33
     9.175     1.000000     99968679   4194304.00
     9.175     1.000000     99968679   4660337.78
     9.175     1.000000     99968679   5242880.00
     9.175     1.000000     99968679   5991862.86
     9.175     1.000000     99968679   6990506.67
     9.175     1.000000     99968679   8388608.00
     9.175     1.000000     99968679   9320675.55
     9.175     1.000000     99968679  10485760.00
     9.183     1.000000     99968688  11983725.71
     9.183     1.000000     99968688          inf
#[Mean    =        3.120, StdDeviation   =        1.408]
#[Max     =        9.176, Total count    =     99968688]
#[Buckets =           27, SubBuckets     =         2048]
