Detailed Percentile spectrum:
     Value   Percentile   TotalCount 1/(1-Percentile)

     0.267     0.000000            2         1.00
     1.275     0.100000      5008221         1.11
     1.779     0.200000     10007475         1.25
     2.209     0.300000     15011112         1.43
     2.621     0.400000     20020506         1.67
     3.033     0.500000     25023961         2.00
     3.229     0.550000     27519470         2.22
     3.431     0.600000     30019297         2.50
     3.643     0.650000     32523748         2.86
     3.859     0.700000     35033095         3.33
     4.073     0.750000     37514819         4.00
     4.183     0.775000     38797476         4.44
     4.291     0.800000     40031859         5.00
     4.407     0.825000     41276716         5.71
     4.531     0.850000     42516871         6.67
     4.675     0.875000     43774816         8.00
     4.759     0.887500     44416601         8.89
     4.847     0.900000     45020451        10.00
     4.951     0.912500     45646611        11.43
     5.063     0.925000     46264694        13.33
     5.187     0.937500     46905636        16.00
     5.247     0.943750     47203454        17.78
     5.311     0.950000     47516271        20.00
     5.379     0.956250     47829274        22.86
     5.455     0.962500     48149810        26.67
     5.539     0.968750     48464790        32.00
     5.583     0.971875     48611687        35.56
     5.635     0.975000     48769633        40.00
     5.695     0.978125     48931607        45.71
     5.759     0.981250     49079516        53.33
     5.843     0.984375     49237900        64.00
     5.891     0.985938     49313640        71.11
     5.947     0.987500     49392688        80.00
     6.011     0.989062     49472495        91.43
     6.075     0.990625     49547533       106.67
     6.151     0.992188     49625745       128.00
     6.195     0.992969     49666701       142.22
     6.239     0.993750     49706190       160.00
     6.283     0.994531     49744755       182.86
     6.331     0.995313     49783227       213.33
     6.379     0.996094     49820687       256.00
     6.407     0.996484     49840020       284.44
     6.439     0.996875     49860178       320.00
     6.475     0.997266     49880176       365.71
     6.515     0.997656     49899946       426.67
     6.559     0.998047     49918191       512.00
     6.587     0.998242     49928317       568.89
     6.619     0.998437     49938179       640.00
     6.655     0.998633     49947536       731.43
     6.703     0.998828     49956972       853.33
     6.771     0.999023     49966721      1024.00
     6.811     0.999121     49971775      1137.78
     6.851     0.999219     49976808      1280.00
     6.895     0.999316     49981757      1462.86
     6.935     0.999414     49986290      1706.67
     6.987     0.999512     49991240      2048.00
     7.019     0.999561     49993671      2275.56
     7.055     0.999609     49995997      2560.00
     7.099     0.999658     49998423      2925.71
     7.151     0.999707     50000919      3413.33
     7.203     0.999756     50003518      4096.00
     7.223     0.999780     50004565      4551.11
     7.251     0.999805     50005815      5120.00
     7.279     0.999829     50006999      5851.43
     7.311     0.999854     50008215      6826.67
     7.343     0.999878     50009442      8192.00
     7.363     0.999890     50010034      9102.22
     7.391     0.999902     50010707     10240.00
     7.415     0.999915     50011286     11702.86
     7.439     0.999927     50011882     13653.33
     7.475     0.999939     50012507     16384.00
     7.495     0.999945     50012772     18204.44
     7.519     0.999951     50013117     20480.00
     7.539     0.999957     50013444     23405.71
     7.555     0.999963     50013691     27306.67
     7.595     0.999969     50014006     32768.00
     7.615     0.999973     50014150     36408.89
     7.639     0.999976     50014295     40960.00
     7.659     0.999979     50014459     46811.43
     7.683     0.999982     50014623     54613.33
     7.703     0.999985     50014753     65536.00
     7.731     0.999986     50014839     72817.78
     7.767     0.999988     50014916     81920.00
     7.795     0.999989     50014982     93622.86
     8.055     0.999991     50015061    109226.67
     8.087     0.999992     50015137    131072.00
     8.103     0.999993     50015174    145635.56
     8.123     0.999994     50015216    163840.00
     8.139     0.999995     50015253    187245.71
     8.155     0.999995     50015294    218453.33
     8.171     0.999996     50015331    262144.00
     8.179     0.999997     50015352    291271.11
     8.191     0.999997     50015373    327680.00
     8.199     0.999997     50015394    374491.43
     8.207     0.999998     50015415    436906.67
     8.215     0.999998     50015430    524288.00
     8.223     0.999998     50015451    582542.22
     8.223     0.999998     50015451    655360.00
     8.223     0.999999     50015451    748982.86
     8.231     0.999999     50015471    873813.33
     8.231     0.999999     50015471   1048576.00
     8.239     0.999999     50015487   1165084.44
     8.239     0.999999     50015487   1310720.00
     8.239     0.999999     50015487   1497965.71
     8.247     0.999999     50015507   1747626.67
     8.247     1.000000     50015507   2097152.00
     8.247     1.000000     50015507   2330168.89
     8.247     1.000000     50015507   2621440.00
     8.247     1.000000     50015507   2995931.43
     8.247     1.000000     50015507   3495253.33
     8.247     1.000000     50015507   4194304.00
     8.247     1.000000     50015507   4660337.78
     8.247     1.000000     50015507   5242880.00
     8.255     1.000000     50015516   5991862.86
     8.255     1.000000     50015516          inf
#[Mean    =        3.062, StdDeviation   =        1.338]
#[Max     =        8.248, Total count    =     50015516]
#[Buckets =           27, SubBuckets     =         2048]
