Detailed Percentile spectrum:
     Value   Percentile   TotalCount 1/(1-Percentile)

     0.092     0.000000            1         1.00
     1.150     0.100000     59941987         1.11
     1.474     0.200000    120022659         1.25
     1.747     0.300000    179906705         1.43
     2.026     0.400000    239884104         1.67
     2.345     0.500000    299892642         2.00
     2.533     0.550000    329895534         2.22
     2.749     0.600000    359775509         2.50
     3.005     0.650000    389803020         2.86
     3.305     0.700000    419600701         3.33
     3.673     0.750000    449608720         4.00
     3.893     0.775000    464564115         4.44
     4.147     0.800000    479722550         5.00
     4.431     0.825000    494531545         5.71
     4.771     0.850000    509589192         6.67
     5.191     0.875000    524563568         8.00
     5.439     0.887500    532058067         8.89
     5.731     0.900000    539527437        10.00
     6.091     0.912500    546948897        11.43
     6.579     0.925000    554437438        13.33
     7.399     0.937500    561948473        16.00
     8.175     0.943750    565686577        17.78
    10.055     0.950000    569421604        20.00
    17.247     0.956250    573167136        22.86
    47.423     0.962500    576911953        26.67
   114.303     0.968750    580657799        32.00
   173.439     0.971875    582533006        35.56
   240.383     0.975000    584406217        40.00
   326.143     0.978125    586277740        45.71
   435.455     0.981250    588150710        53.33
   552.959     0.984375    590023187        64.00
   623.615     0.985938    590962706        71.11
   694.271     0.987500    591899543        80.00
   773.631     0.989062    592833885        91.43
   849.919     0.990625    593775169       106.67
   942.591     0.992188    594709218       128.00
   990.207     0.992969    595176968       142.22
  1034.239     0.993750    595642762       160.00
  1081.343     0.994531    596110525       182.86
  1159.167     0.995313    596581609       213.33
  1283.071     0.996094    597048993       256.00
  1354.751     0.996484    597281450       284.44
  1407.999     0.996875    597516238       320.00
  1459.199     0.997266    597753258       365.71
  1516.543     0.997656    597984400       426.67
  1572.863     0.998047    598217681       512.00
  1610.751     0.998242    598335851       568.89
  1648.639     0.998437    598451977       640.00
  1677.311     0.998633    598570131       731.43
  1710.079     0.998828    598687110       853.33
  1756.159     0.999023    598805500      1024.00
  1775.615     0.999121    598863667      1137.78
  1802.239     0.999219    598922084      1280.00
  1824.767     0.999316    598981134      1462.86
  1845.247     0.999414    599038585      1706.67
  1885.183     0.999512    599095741      2048.00
  1928.191     0.999561    599124898      2275.56
  1959.935     0.999609    599154906      2560.00
  1983.487     0.999658    599183574      2925.71
  2007.039     0.999707    599212702      3413.33
  2028.543     0.999756    599242583      4096.00
  2043.903     0.999780    599257752      4551.11
  2079.743     0.999805    599271218      5120.00
  2123.775     0.999829    599286008      5851.43
  2170.879     0.999854    599300905      6826.67
  2181.119     0.999878    599316285      8192.00
  2195.455     0.999890    599322644      9102.22
  2217.983     0.999902    599330628     10240.00
  2234.367     0.999915    599337618     11702.86
  2250.751     0.999927    599345206     13653.33
  2269.183     0.999939    599352327     16384.00
  2281.471     0.999945    599355996     18204.44
  2289.663     0.999951    599359190     20480.00
  2301.951     0.999957    599363228     23405.71
  2314.239     0.999963    599366371     27306.67
  2324.479     0.999969    599370486     32768.00
  2326.527     0.999973    599371910     36408.89
  2330.623     0.999976    599374364     40960.00
  2336.767     0.999979    599376120     46811.43
  2344.959     0.999982    599377320     54613.33
  2353.151     0.999985    599379432     65536.00
  2357.247     0.999986    599380444     72817.78
  2361.343     0.999988    599381575     81920.00
  2363.391     0.999989    599382289     93622.86
  2367.487     0.999991    599383191    109226.67
  2369.535     0.999992    599383737    131072.00
  2371.583     0.999993    599384173    145635.56
  2375.679     0.999994    599385076    163840.00
  2375.679     0.999995    599385076    187245.71
  2377.727     0.999995    599385730    218453.33
  2379.775     0.999996    599386256    262144.00
  2379.775     0.999997    599386256    291271.11
  2381.823     0.999997    599386652    327680.00
  2383.871     0.999997    599387109    374491.43
  2383.871     0.999998    599387109    436906.67
  2385.919     0.999998    599387753    524288.00
  2385.919     0.999998    599387753    582542.22
  2385.919     0.999998    599387753    655360.00
  2385.919     0.999999    599387753    748982.86
  2385.919     0.999999    599387753    873813.33
  2385.919     0.999999    599387753   1048576.00
  2387.967     0.999999    599388270   1165084.44
  2387.967     1.000000    599388270          inf
#[Mean    =       24.249, StdDeviation   =      142.997]
#[Max     =     2385.920, Total count    =    599388270]
#[Buckets =           27, SubBuckets     =         2048]
