Detailed Percentile spectrum:
     Value   Percentile   TotalCount 1/(1-Percentile)

     0.105     0.000000            1         1.00
     1.070     0.100000     20029247         1.11
     1.406     0.200000     40021742         1.25
     1.723     0.300000     59986765         1.43
     2.073     0.400000     79958323         1.67
     2.461     0.500000     99908679         2.00
     2.669     0.550000    109900400         2.22
     2.885     0.600000    119887801         2.50
     3.105     0.650000    129873650         2.86
     3.337     0.700000    139932214         3.33
     3.587     0.750000    149855784         4.00
     3.723     0.775000    154850039         4.44
     3.867     0.800000    159855834         5.00
     4.019     0.825000    164886907         5.71
     4.179     0.850000    169933900         6.67
     4.347     0.875000    174844566         8.00
     4.439     0.887500    177344345         8.89
     4.539     0.900000    179862960        10.00
     4.647     0.912500    182351194        11.43
     4.767     0.925000    184837287        13.33
     4.903     0.937500    187363699        16.00
     4.979     0.943750    188606347        17.78
     5.059     0.950000    189806083        20.00
     5.151     0.956250    191063626        22.86
     5.255     0.962500    192341015        26.67
     5.371     0.968750    193591387        32.00
     5.435     0.971875    194201008        35.56
     5.507     0.975000    194830835        40.00
     5.583     0.978125    195432306        45.71
     5.671     0.981250    196055683        53.33
     5.775     0.984375    196681235        64.00
     5.835     0.985938    196996936        71.11
     5.899     0.987500    197300855        80.00
     5.975     0.989062    197623201        91.43
     6.055     0.990625    197923137       106.67
     6.151     0.992188    198235175       128.00
     6.207     0.992969    198395885       142.22
     6.267     0.993750    198550350       160.00
     6.335     0.994531    198708214       182.86
     6.411     0.995313    198863343       213.33
     6.503     0.996094    199020916       256.00
     6.551     0.996484    199094119       284.44
     6.611     0.996875    199174747       320.00
     6.675     0.997266    199250636       365.71
     6.755     0.997656    199329616       426.67
     6.839     0.998047    199406685       512.00
     6.887     0.998242    199445947       568.89
     6.939     0.998437    199484832       640.00
     6.999     0.998633    199523275       731.43
     7.067     0.998828    199561458       853.33
     7.151     0.999023    199600024      1024.00
     7.203     0.999121    199620628      1137.78
     7.255     0.999219    199639868      1280.00
     7.307     0.999316    199658862      1462.86
     7.371     0.999414    199679020      1706.67
     7.439     0.999512    199698471      2048.00
     7.475     0.999561    199707607      2275.56
     7.519     0.999609    199717103      2560.00
     7.571     0.999658    199726938      2925.71
     7.627     0.999707    199736591      3413.33
     7.695     0.999756    199746488      4096.00
     7.743     0.999780    199751339      4551.11
     7.795     0.999805    199756028      5120.00
     7.859     0.999829    199761042      5851.43
     7.931     0.999854    199765787      6826.67
     8.011     0.999878    199770848      8192.00
     8.055     0.999890    199773135      9102.22
     8.115     0.999902    199775612     10240.00
     8.167     0.999915    199777972     11702.86
     8.231     0.999927    199780674     13653.33
     8.287     0.999939    199783103     16384.00
     8.319     0.999945    199784222     18204.44
     8.351     0.999951    199785455     20480.00
     8.391     0.999957    199786508     23405.71
     8.471     0.999963    199787766     27306.67
     8.583     0.999969    199789007     32768.00
     8.695     0.999973    199789592     36408.89
     8.759     0.999976    199790193     40960.00
     8.823     0.999979    199790792     46811.43
     8.911     0.999982    199791443     54613.33
     8.991     0.999985    199792011     65536.00
     9.055     0.999986    199792307     72817.78
     9.095     0.999988    199792606     81920.00
     9.151     0.999989    199792926     93622.86
     9.191     0.999991    199793239    109226.67
     9.223     0.999992    199793541    131072.00
     9.239     0.999993    199793671    145635.56
     9.263     0.999994    199793862    163840.00
     9.287     0.999995    199793992    187245.71
     9.311     0.999995    199794150    218453.33
     9.335     0.999996    199794316    262144.00
     9.343     0.999997    199794358    291271.11
     9.375     0.999997    199794457    327680.00
     9.391     0.999997    199794520    374491.43
     9.423     0.999998    199794604    436906.67
     9.511     0.999998    199794664    524288.00
     9.527     0.999998    199794699    582542.22
     9.543     0.999998    199794736    655360.00
     9.575     0.999999    199794782    748982.86
     9.591     0.999999    199794823    873813.33
     9.607     0.999999    199794860   1048576.00
     9.615     0.999999    199794881   1165084.44
     9.623     0.999999    199794889   1310720.00
     9.647     0.999999    199794911   1497965.71
     9.655     0.999999    199794931   1747626.67
     9.671     1.000000    199794963   2097152.00
     9.671     1.000000    199794963   2330168.89
     9.671     1.000000    199794963   2621440.00
     9.679     1.000000    199794983   2995931.43
     9.679     1.000000    199794983   3495253.33
     9.687     1.000000    199795000   4194304.00
     9.687     1.000000    199795000   4660337.78
     9.695     1.000000    199795021   5242880.00
     9.695     1.000000    199795021   5991862.86
     9.695     1.000000    199795021   6990506.67
     9.695     1.000000    199795021   8388608.00
     9.695     1.000000    199795021   9320675.55
     9.695     1.000000    199795021  10485760.00
     9.703     1.000000    199795039  11983725.71
     9.703     1.000000    199795039          inf
#[Mean    =        2.656, StdDeviation   =        1.332]
#[Max     =        9.696, Total count    =    199795039]
#[Buckets =           27, SubBuckets     =         2048]
