Detailed Percentile spectrum:
     Value   Percentile   TotalCount 1/(1-Percentile)

     0.094     0.000000            1         1.00
     1.152     0.100000     54983559         1.11
     1.466     0.200000    109890939         1.25
     1.732     0.300000    164905472         1.43
     2.001     0.400000    219857368         1.67
     2.303     0.500000    274793988         2.00
     2.477     0.550000    302353730         2.22
     2.673     0.600000    329643356         2.50
     2.901     0.650000    357264660         2.86
     3.163     0.700000    384604477         3.33
     3.471     0.750000    412061442         4.00
     3.647     0.775000    425779146         4.44
     3.843     0.800000    439619859         5.00
     4.057     0.825000    453278623         5.71
     4.299     0.850000    467148511         6.67
     4.571     0.875000    480782809         8.00
     4.723     0.887500    487602067         8.89
     4.891     0.900000    494558401        10.00
     5.071     0.912500    501422705        11.43
     5.267     0.925000    508180286        13.33
     5.491     0.937500    515076863        16.00
     5.615     0.943750    518529904        17.78
     5.747     0.950000    521907660        20.00
     5.899     0.956250    525400700        22.86
     6.067     0.962500    528819364        26.67
     6.263     0.968750    532258194        32.00
     6.371     0.971875    533945790        35.56
     6.491     0.975000    535654528        40.00
     6.627     0.978125    537393110        45.71
     6.779     0.981250    539071299        53.33
     6.967     0.984375    540814447        64.00
     7.071     0.985938    541647009        71.11
     7.191     0.987500    542514710        80.00
     7.327     0.989062    543370925        91.43
     7.487     0.990625    544224834       106.67
     7.683     0.992188    545081061       128.00
     7.799     0.992969    545505926       142.22
     7.935     0.993750    545945833       160.00
     8.087     0.994531    546368376       182.86
     8.271     0.995313    546803902       213.33
     8.495     0.996094    547225868       256.00
     8.631     0.996484    547438021       284.44
     8.791     0.996875    547656414       320.00
     8.999     0.997266    547872544       365.71
     9.239     0.997656    548082610       426.67
     9.543     0.998047    548296121       512.00
     9.735     0.998242    548405329       568.89
     9.959     0.998437    548512996       640.00
    10.231     0.998633    548620047       731.43
    10.591     0.998828    548725186       853.33
    11.103     0.999023    548832488      1024.00
    11.415     0.999121    548886191      1137.78
    11.831     0.999219    548939776      1280.00
    12.359     0.999316    548993208      1462.86
    13.135     0.999414    549046767      1706.67
    14.287     0.999512    549100691      2048.00
    15.079     0.999561    549127256      2275.56
    16.431     0.999609    549154316      2560.00
    18.463     0.999658    549180907      2925.71
    21.151     0.999707    549207767      3413.33
    24.831     0.999756    549234585      4096.00
    30.031     0.999780    549247964      4551.11
    47.871     0.999805    549261427      5120.00
    69.631     0.999829    549274801      5851.43
    89.855     0.999854    549288188      6826.67
   106.687     0.999878    549301599      8192.00
   116.735     0.999890    549308307      9102.22
   125.887     0.999902    549315034     10240.00
   133.247     0.999915    549321751     11702.86
   144.383     0.999927    549328494     13653.33
   159.359     0.999939    549335166     16384.00
   170.751     0.999945    549338548     18204.44
   178.047     0.999951    549341860     20480.00
   188.927     0.999957    549345281     23405.71
   207.359     0.999963    549348646     27306.67
   223.231     0.999969    549351942     32768.00
   233.727     0.999973    549353602     36408.89
   244.095     0.999976    549355289     40960.00
   253.695     0.999979    549356928     46811.43
   264.447     0.999982    549358626     54613.33
   282.623     0.999985    549360322     65536.00
   300.287     0.999986    549361194     72817.78
   308.735     0.999988    549362094     81920.00
   314.879     0.999989    549362801     93622.86
   323.583     0.999991    549363695    109226.67
   332.031     0.999992    549364529    131072.00
   334.847     0.999993    549364972    145635.56
   337.407     0.999994    549365328    163840.00
   343.295     0.999995    549365793    187245.71
   345.855     0.999995    549366164    218453.33
   352.255     0.999996    549366577    262144.00
   355.071     0.999997    549366853    291271.11
   356.351     0.999997    549367013    327680.00
   357.631     0.999997    549367201    374491.43
   362.239     0.999998    549367490    436906.67
   363.519     0.999998    549367670    524288.00
   364.543     0.999998    549367760    582542.22
   365.311     0.999998    549367871    655360.00
   366.591     0.999999    549367962    748982.86
   367.103     0.999999    549368090    873813.33
   367.871     0.999999    549368212   1048576.00
   367.871     0.999999    549368212   1165084.44
   368.895     0.999999    549368331   1310720.00
   368.895     0.999999    549368331   1497965.71
   369.151     0.999999    549368402   1747626.67
   369.151     1.000000    549368402   2097152.00
   369.407     1.000000    549368491   2330168.89
   369.407     1.000000    549368491   2621440.00
   369.407     1.000000    549368491   2995931.43
   370.175     1.000000    549368548   3495253.33
   370.175     1.000000    549368548   4194304.00
   370.175     1.000000    549368548   4660337.78
   370.431     1.000000    549368570   5242880.00
   370.431     1.000000    549368570   5991862.86
   371.455     1.000000    549368617   6990506.67
   371.455     1.000000    549368617   8388608.00
   371.455     1.000000    549368617   9320675.55
   371.455     1.000000    549368617  10485760.00
   371.455     1.000000    549368617  11983725.71
   371.711     1.000000    549368660  13981013.34
   371.711     1.000000    549368660          inf
#[Mean    =        2.736, StdDeviation   =        2.741]
#[Max     =      371.456, Total count    =    549368660]
#[Buckets =           27, SubBuckets     =         2048]
