Value   Percentile   TotalCount 1/(1-Percentile)

0.166     0.000000            2         1.00
1.088     0.100000      5001686         1.11
1.562     0.200000      9997754         1.25
1.978     0.300000     14983688         1.43
2.383     0.400000     19984038         1.67
2.787     0.500000     24969782         2.00
2.989     0.550000     27472286         2.22
3.189     0.600000     29964250         2.50
3.395     0.650000     32463677         2.86
3.613     0.700000     34971768         3.33
3.839     0.750000     37467425         4.00
3.955     0.775000     38720220         4.44
4.069     0.800000     39960501         5.00
4.187     0.825000     41204303         5.71
4.311     0.850000     42468895         6.67
4.439     0.875000     43708518         8.00
4.511     0.887500     44323291         8.89
4.587     0.900000     44948394        10.00
4.667     0.912500     45570118        11.43
4.755     0.925000     46207441        13.33
4.851     0.937500     46838090        16.00
4.903     0.943750     47142267        17.78
4.963     0.950000     47452674        20.00
5.031     0.956250     47763035        22.86
5.115     0.962500     48066051        26.67
5.211     0.968750     48379865        32.00
5.267     0.971875     48532396        35.56
5.327     0.975000     48691068        40.00
5.395     0.978125     48844089        45.71
5.471     0.981250     49002056        53.33
5.555     0.984375     49162269        64.00
5.599     0.985938     49235935        71.11
5.643     0.987500     49312603        80.00
5.695     0.989062     49393248        91.43
5.751     0.990625     49469824       106.67
5.811     0.992188     49546261       128.00
5.851     0.992969     49587019       142.22
5.895     0.993750     49624531       160.00
5.947     0.994531     49663309       182.86
6.007     0.995313     49702302       213.33
6.087     0.996094     49741376       256.00
6.135     0.996484     49761190       284.44
6.195     0.996875     49781283       320.00
6.251     0.997266     49800482       365.71
6.307     0.997656     49819636       426.67
6.371     0.998047     49839046       512.00
6.403     0.998242     49848608       568.89
6.439     0.998437     49858921       640.00
6.475     0.998633     49868052       731.43
6.519     0.998828     49877892       853.33
6.567     0.999023     49887776      1024.00
6.595     0.999121     49892524      1137.78
6.627     0.999219     49897737      1280.00
6.659     0.999316     49902279      1462.86
6.695     0.999414     49907419      1706.67
6.735     0.999512     49911896      2048.00
6.759     0.999561     49914211      2275.56
6.783     0.999609     49917062      2560.00
6.803     0.999658     49919203      2925.71
6.831     0.999707     49921600      3413.33
6.863     0.999756     49923933      4096.00
6.883     0.999780     49925375      4551.11
6.903     0.999805     49926430      5120.00
6.927     0.999829     49927753      5851.43
6.955     0.999854     49928971      6826.67
6.979     0.999878     49930124      8192.00
6.999     0.999890     49930660      9102.22
7.019     0.999902     49931273     10240.00
7.035     0.999915     49931914     11702.86
7.051     0.999927     49932525     13653.33
7.067     0.999939     49933082     16384.00
7.079     0.999945     49933426     18204.44
7.091     0.999951     49933712     20480.00
7.107     0.999957     49934033     23405.71
7.119     0.999963     49934323     27306.67
7.143     0.999969     49934617     32768.00
7.151     0.999973     49934726     36408.89
7.195     0.999976     49934884     40960.00
7.215     0.999979     49935052     46811.43
7.263     0.999982     49935201     54613.33
7.311     0.999985     49935343     65536.00
7.471     0.999986     49935419     72817.78
7.595     0.999988     49935492     81920.00
7.607     0.999989     49935589     93622.86
7.623     0.999991     49935643    109226.67
7.647     0.999992     49935726    131072.00
7.655     0.999993     49935769    145635.56
7.663     0.999994     49935803    163840.00
7.671     0.999995     49935832    187245.71
7.743     0.999995     49935868    218453.33
7.755     0.999996     49935922    262144.00
7.759     0.999997     49935944    291271.11
7.759     0.999997     49935944    327680.00
7.767     0.999997     49935970    374491.43
7.803     0.999998     49935980    436906.67
7.891     0.999998     49936001    524288.00
7.895     0.999998     49936018    582542.22
7.895     0.999998     49936018    655360.00
7.899     0.999999     49936029    748982.86
7.903     0.999999     49936046    873813.33
7.907     0.999999     49936061   1048576.00
7.907     0.999999     49936061   1165084.44
7.907     0.999999     49936061   1310720.00
7.907     0.999999     49936061   1497965.71
7.911     0.999999     49936072   1747626.67
7.911     1.000000     49936072   2097152.00
7.915     1.000000     49936080   2330168.89
7.915     1.000000     49936080   2621440.00
7.915     1.000000     49936080   2995931.43
7.915     1.000000     49936080   3495253.33
7.919     1.000000     49936090   4194304.00
7.919     1.000000     49936090   4660337.78
7.919     1.000000     49936090   5242880.00
7.919     1.000000     49936090   5991862.86
7.919     1.000000     49936090   6990506.67
7.919     1.000000     49936090   8388608.00
7.919     1.000000     49936090   9320675.55
7.919     1.000000     49936090  10485760.00
7.919     1.000000     49936090  11983725.71
7.923     1.000000     49936094  13981013.34
7.923     1.000000     49936094          inf
#[Mean    =        2.829, StdDeviation   =        1.307]
#[Max     =        7.920, Total count    =     49936094]
#[Buckets =           27, SubBuckets     =         2048]
----------------------------------------------------------
59959318 requests in 1.00m, 8.15GB read
Requests/sec: 999317.29
Transfer/sec:    139.14MB
