Detailed Percentile spectrum:
     Value   Percentile   TotalCount 1/(1-Percentile)

     0.172     0.000000            1         1.00
     1.167     0.100000      9988396         1.11
     1.574     0.200000     19991718         1.25
     1.947     0.300000     29978971         1.43
     2.353     0.400000     39995347         1.67
     2.781     0.500000     49939834         2.00
     3.001     0.550000     54931622         2.22
     3.233     0.600000     59958685         2.50
     3.459     0.650000     64935472         2.86
     3.681     0.700000     69936193         3.33
     3.925     0.750000     74931831         4.00
     4.063     0.775000     77425606         4.44
     4.215     0.800000     79916573         5.00
     4.375     0.825000     82427215         5.71
     4.535     0.850000     84931294         6.67
     4.691     0.875000     87421094         8.00
     4.771     0.887500     88680289         8.89
     4.851     0.900000     89887615        10.00
     4.939     0.912500     91151106        11.43
     5.039     0.925000     92417298        13.33
     5.155     0.937500     93659123        16.00
     5.219     0.943750     94257401        17.78
     5.299     0.950000     94902719        20.00
     5.387     0.956250     95530421        22.86
     5.483     0.962500     96141852        26.67
     5.599     0.968750     96767918        32.00
     5.663     0.971875     97069345        35.56
     5.735     0.975000     97380367        40.00
     5.819     0.978125     97700111        45.71
     5.907     0.981250     98002568        53.33
     6.011     0.984375     98318563        64.00
     6.067     0.985938     98472092        71.11
     6.131     0.987500     98636095        80.00
     6.195     0.989062     98790187        91.43
     6.267     0.990625     98942528       106.67
     6.351     0.992188     99101455       128.00
     6.395     0.992969     99174501       142.22
     6.443     0.993750     99251206       160.00
     6.499     0.994531     99330824       182.86
     6.563     0.995313     99410858       213.33
     6.635     0.996094     99486919       256.00
     6.679     0.996484     99526748       284.44
     6.723     0.996875     99564518       320.00
     6.775     0.997266     99603138       365.71
     6.839     0.997656     99641753       426.67
     6.911     0.998047     99681078       512.00
     6.951     0.998242     99700398       568.89
     6.999     0.998437     99719140       640.00
     7.059     0.998633     99739285       731.43
     7.127     0.998828     99758530       853.33
     7.191     0.999023     99777735      1024.00
     7.231     0.999121     99787880      1137.78
     7.279     0.999219     99797466      1280.00
     7.327     0.999316     99806573      1462.86
     7.395     0.999414     99816338      1706.67
     7.479     0.999512     99826389      2048.00
     7.527     0.999561     99831164      2275.56
     7.575     0.999609     99835956      2560.00
     7.639     0.999658     99840955      2925.71
     7.703     0.999707     99845835      3413.33
     7.787     0.999756     99850586      4096.00
     7.843     0.999780     99852947      4551.11
     7.895     0.999805     99855331      5120.00
     7.991     0.999829     99857873      5851.43
     8.063     0.999854     99860207      6826.67
     8.155     0.999878     99862652      8192.00
     8.215     0.999890     99864066      9102.22
     8.263     0.999902     99865080     10240.00
     8.335     0.999915     99866391     11702.86
     8.415     0.999927     99867603     13653.33
     8.471     0.999939     99868819     16384.00
     8.503     0.999945     99869498     18204.44
     8.535     0.999951     99870034     20480.00
     8.567     0.999957     99870572     23405.71
     8.639     0.999963     99871251     27306.67
     8.695     0.999969     99871918     32768.00
     8.711     0.999973     99872113     36408.89
     8.775     0.999976     99872419     40960.00
     8.815     0.999979     99872728     46811.43
     8.863     0.999982     99873017     54613.33
     8.983     0.999985     99873326     65536.00
     9.095     0.999986     99873465     72817.78
     9.151     0.999988     99873634     81920.00
     9.215     0.999989     99873786     93622.86
     9.271     0.999991     99873921    109226.67
     9.327     0.999992     99874075    131072.00
     9.343     0.999993     99874152    145635.56
     9.359     0.999994     99874232    163840.00
     9.383     0.999995     99874301    187245.71
     9.399     0.999995     99874389    218453.33
     9.415     0.999996     99874476    262144.00
     9.423     0.999997     99874506    291271.11
     9.439     0.999997     99874546    327680.00
     9.535     0.999997     99874577    374491.43
     9.551     0.999998     99874611    436906.67
     9.855     0.999998     99874653    524288.00
     9.863     0.999998     99874675    582542.22
     9.871     0.999998     99874685    655360.00
    10.055     0.999999     99874712    748982.86
    10.063     0.999999     99874733    873813.33
    10.071     0.999999     99874751   1048576.00
    10.071     0.999999     99874751   1165084.44
    10.079     0.999999     99874759   1310720.00
    10.119     0.999999     99874780   1497965.71
    10.119     0.999999     99874780   1747626.67
    10.127     1.000000     99874802   2097152.00
    10.127     1.000000     99874802   2330168.89
    10.127     1.000000     99874802   2621440.00
    10.127     1.000000     99874802   2995931.43
    10.135     1.000000     99874819   3495253.33
    10.135     1.000000     99874819   4194304.00
    10.135     1.000000     99874819   4660337.78
    10.135     1.000000     99874819   5242880.00
    10.135     1.000000     99874819   5991862.86
    10.135     1.000000     99874819   6990506.67
    10.143     1.000000     99874823   8388608.00
    10.143     1.000000     99874823   9320675.55
    10.559     1.000000     99874829  10485760.00
    10.559     1.000000     99874829  11983725.71
    10.559     1.000000     99874829  13981013.34
    10.559     1.000000     99874829  16777216.00
    10.559     1.000000     99874829  18641351.10
    10.559     1.000000     99874829  20971519.98
    10.559     1.000000     99874829  23967451.45
    10.567     1.000000     99874833  27962026.68
    10.567     1.000000     99874833          inf
#[Mean    =        2.910, StdDeviation   =        1.396]
#[Max     =       10.560, Total count    =     99874833]
#[Buckets =           27, SubBuckets     =         2048]
